Dumping annotated program on standard output
Program size : 670 bytes
Name : "King Sombra"
Comment : "Crystal empire is mine!"

0          :    init:
0          :    rest:
0    (3  ) :        fork      %:go              
                    12        0   80            
                    12        80                

3    (5  ) :        live      %0                
                    1         0   0   0   0     
                    1         0                 

8    (3  ) :        fork      %:go2             
                    12        0   82            
                    12        82                

11         :    prelive:
11   (7  ) :        ld        %251658255        r2                
                    2   144   15  0   0   15    2                 
                    2   144   251658255         2                 

18   (7  ) :        ld        %1                r12               
                    2   144   0   0   0   1     12                
                    2   144   1                 12                

25   (7  ) :        ld        %40               r11               
                    2   144   0   0   0   40    11                
                    2   144   40                11                

32   (5  ) :        st        r1                11                
                    3   112   1                 0   0   0   11    
                    3   112   1                 11                

37   (5  ) :        st        r16               -4                
                    3   112   16                255 255 255 252   
                    3   112   16                -4                

42         :    shield:
42   (5  ) :        live      %0                
                    1         0   0   0   0     
                    1         0                 

47   (5  ) :        st        r16               -300              
                    3   112   16                255 255 254 212   
                    3   112   16                -300              

52   (5  ) :        st        r2                -301              
                    3   112   2                 255 255 254 211   
                    3   112   2                 -301              

57   (5  ) :        st        r2                -302              
                    3   112   2                 255 255 254 210   
                    3   112   2                 -302              

62   (5  ) :        sub       r11               r12               r11               
                    5   84    11                12                11                
                    5   84    11                12                11                

67   (3  ) :        zjmp      %:fork            
                    9         0   33            
                    9         33                

70   (7  ) :        ld        %0                r16               
                    2   144   0   0   0   0     16                
                    2   144   0                 16                

77   (3  ) :        zjmp      %:shield          
                    9         255 221           
                    9         -35               

80         :    go:
80   (7  ) :        ld        %0                r16               
                    2   144   0   0   0   0     16                
                    2   144   0                 16                

87   (3  ) :        zjmp      %:assaut1         
                    9         1   206           
                    9         462               

90         :    go2:
90   (7  ) :        ld        %0                r16               
                    2   144   0   0   0   0     16                
                    2   144   0                 16                

97   (3  ) :        zjmp      %:assaut2         
                    9         1   139           
                    9         395               

100        :    fork:
100  (7  ) :        ldi       %:shield          %1                r13               
                    10  164   255 198           0   1             13                
                    10  164   -58               1                 13                

107  (7  ) :        ld        %0                r16               
                    2   144   0   0   0   0     16                
                    2   144   0                 16                

114  (5  ) :        st        r13               6                 
                    3   112   13                0   0   0   6     
                    3   112   13                6                 

119        :    forkcycle:
119  (5  ) :        live      %0                
                    1         0   0   0   0     
                    1         0                 

124  (3  ) :        fork      %:forkcycle       
                    12        255 251           
                    12        -5                

127        :    eraser:
127  (5  ) :        st        r13               6                 
                    3   112   13                0   0   0   6     
                    3   112   13                6                 

132  (5  ) :        live      %0                
                    1         0   0   0   0     
                    1         0                 

137  (3  ) :        fork      %:part2           
                    12        0   44            
                    12        44                

140        :    part1:
140  (7  ) :        ld        %190056971        r10               
                    2   144   11  84  10  11    10                
                    2   144   190056971         10                

147  (7  ) :        ld        %135004416        r7                
                    2   144   8   12  1   0     7                 
                    2   144   135004416         7                 

154  (7  ) :        ld        %273              r8                
                    2   144   0   0   1   17    8                 
                    2   144   273               8                 

161  (7  ) :        ld        %270              r11               
                    2   144   0   0   1   14    11                
                    2   144   270               11                

168  (7  ) :        ld        %0                r12               
                    2   144   0   0   0   0     12                
                    2   144   0                 12                

175  (3  ) :        fork      %:start1          
                    12        0   44            
                    12        44                

178  (3  ) :        zjmp      %:start2          
                    9         1   43            
                    9         299               

181        :    part2:
181  (7  ) :        ld        %202068999        r10               
                    2   144   12  11  84  7     10                
                    2   144   202068999         10                

188  (4  ) :        st        r13               r7                
                    3   80    13                7                 
                    3   80    13                7                 

192  (7  ) :        ld        %276              r8                
                    2   144   0   0   1   20    8                 
                    2   144   276               8                 

199  (7  ) :        ld        %274              r11               
                    2   144   0   0   1   18    11                
                    2   144   274               11                

206  (7  ) :        ld        %0                r12               
                    2   144   0   0   0   0     12                
                    2   144   0                 12                

213  (3  ) :        fork      %:start1          
                    12        0   6             
                    12        6                 

216  (3  ) :        zjmp      %:start2          
                    9         1   5             
                    9         261               

219        :    start1:
219  (3  ) :        zjmp      %3                
                    9         0   3             
                    9         3                 

222  (5  ) :        sti       r10               r11               r12               
                    11  84    10                11                12                
                    11  84    10                11                12                

227  (5  ) :        sti       r7                r8                r12               
                    11  84    7                 8                 12                
                    11  84    7                 8                 12                

232  (5  ) :        live      %0                
                    1         0   0   0   0     
                    1         0                 

237  (5  ) :        sti       r10               r11               r12               
                    11  84    10                11                12                
                    11  84    10                11                12                

242  (5  ) :        sti       r7                r8                r12               
                    11  84    7                 8                 12                
                    11  84    7                 8                 12                

247  (5  ) :        live      %0                
                    1         0   0   0   0     
                    1         0                 

252  (5  ) :        sti       r10               r11               r12               
                    11  84    10                11                12                
                    11  84    10                11                12                

257  (5  ) :        sti       r7                r8                r12               
                    11  84    7                 8                 12                
                    11  84    7                 8                 12                

262  (5  ) :        live      %0                
                    1         0   0   0   0     
                    1         0                 

267  (5  ) :        sti       r10               r11               r12               
                    11  84    10                11                12                
                    11  84    10                11                12                

272  (5  ) :        sti       r7                r8                r12               
                    11  84    7                 8                 12                
                    11  84    7                 8                 12                

277  (5  ) :        live      %0                
                    1         0   0   0   0     
                    1         0                 

282  (5  ) :        sti       r10               r11               r12               
                    11  84    10                11                12                
                    11  84    10                11                12                

287  (5  ) :        sti       r7                r8                r12               
                    11  84    7                 8                 12                
                    11  84    7                 8                 12                

292  (5  ) :        live      %0                
                    1         0   0   0   0     
                    1         0                 

297  (5  ) :        sti       r10               r11               r12               
                    11  84    10                11                12                
                    11  84    10                11                12                

302  (5  ) :        sti       r7                r8                r12               
                    11  84    7                 8                 12                
                    11  84    7                 8                 12                

307  (5  ) :        live      %0                
                    1         0   0   0   0     
                    1         0                 

312  (5  ) :        sti       r10               r11               r12               
                    11  84    10                11                12                
                    11  84    10                11                12                

317  (5  ) :        sti       r7                r8                r12               
                    11  84    7                 8                 12                
                    11  84    7                 8                 12                

322  (5  ) :        live      %0                
                    1         0   0   0   0     
                    1         0                 

327  (5  ) :        sti       r10               r11               r12               
                    11  84    10                11                12                
                    11  84    10                11                12                

332  (5  ) :        sti       r7                r8                r12               
                    11  84    7                 8                 12                
                    11  84    7                 8                 12                

337  (5  ) :        live      %0                
                    1         0   0   0   0     
                    1         0                 

342  (5  ) :        sti       r10               r11               r12               
                    11  84    10                11                12                
                    11  84    10                11                12                

347  (5  ) :        sti       r7                r8                r12               
                    11  84    7                 8                 12                
                    11  84    7                 8                 12                

352  (5  ) :        live      %0                
                    1         0   0   0   0     
                    1         0                 

357  (5  ) :        sti       r10               r11               r12               
                    11  84    10                11                12                
                    11  84    10                11                12                

362  (5  ) :        sti       r7                r8                r12               
                    11  84    7                 8                 12                
                    11  84    7                 8                 12                

367  (5  ) :        live      %0                
                    1         0   0   0   0     
                    1         0                 

372  (5  ) :        sti       r10               r11               r12               
                    11  84    10                11                12                
                    11  84    10                11                12                

377  (5  ) :        sti       r7                r8                r12               
                    11  84    7                 8                 12                
                    11  84    7                 8                 12                

382  (5  ) :        live      %0                
                    1         0   0   0   0     
                    1         0                 

387  (5  ) :        sti       r10               r11               r12               
                    11  84    10                11                12                
                    11  84    10                11                12                

392  (5  ) :        sti       r7                r8                r12               
                    11  84    7                 8                 12                
                    11  84    7                 8                 12                

397  (5  ) :        live      %0                
                    1         0   0   0   0     
                    1         0                 

402  (5  ) :        sti       r10               r11               r12               
                    11  84    10                11                12                
                    11  84    10                11                12                

407  (5  ) :        sti       r7                r8                r12               
                    11  84    7                 8                 12                
                    11  84    7                 8                 12                

412  (5  ) :        live      %0                
                    1         0   0   0   0     
                    1         0                 

417  (5  ) :        sti       r10               r11               r12               
                    11  84    10                11                12                
                    11  84    10                11                12                

422  (5  ) :        sti       r7                r8                r12               
                    11  84    7                 8                 12                
                    11  84    7                 8                 12                

427  (5  ) :        live      %0                
                    1         0   0   0   0     
                    1         0                 

432  (5  ) :        sti       r10               r11               r12               
                    11  84    10                11                12                
                    11  84    10                11                12                

437  (5  ) :        sti       r7                r8                r12               
                    11  84    7                 8                 12                
                    11  84    7                 8                 12                

442  (5  ) :        live      %0                
                    1         0   0   0   0     
                    1         0                 

447  (5  ) :        sti       r10               r11               r12               
                    11  84    10                11                12                
                    11  84    10                11                12                

452  (5  ) :        sti       r7                r8                r12               
                    11  84    7                 8                 12                
                    11  84    7                 8                 12                

457  (5  ) :        live      %0                
                    1         0   0   0   0     
                    1         0                 

462  (5  ) :        sti       r10               r11               r12               
                    11  84    10                11                12                
                    11  84    10                11                12                

467  (5  ) :        sti       r7                r8                r12               
                    11  84    7                 8                 12                
                    11  84    7                 8                 12                

472  (5  ) :        live      %0                
                    1         0   0   0   0     
                    1         0                 

477        :    start2:
477  (5  ) :        sti       r10               r11               r12               
                    11  84    10                11                12                
                    11  84    10                11                12                

482  (5  ) :        sti       r7                r8                r12               
                    11  84    7                 8                 12                
                    11  84    7                 8                 12                

487  (5  ) :        live      %0                
                    1         0   0   0   0     
                    1         0                 

492        :    assaut2:
492  (5  ) :        live      %0                
                    1         0   0   0   0     
                    1         0                 

497  (7  ) :        ld        %190055943        r10               
                    2   144   11  84  6   7     10                
                    2   144   190055943         10                

504  (7  ) :        ld        %84476405         r11               
                    2   144   5   9   1   245   11                
                    2   144   84476405          11                

511  (7  ) :        ld        %150994956        r3                
                    2   144   9   0   0   12    3                 
                    2   144   150994956         3                 

518  (7  ) :        ld        %150994956        r6                
                    2   144   9   0   0   12    6                 
                    2   144   150994956         6                 

525  (7  ) :        ld        %26               r7                
                    2   144   0   0   0   26    7                 
                    2   144   26                7                 

532  (7  ) :        ld        %495              r4                
                    2   144   0   0   1   239   4                 
                    2   144   495               4                 

539  (7  ) :        ld        %0                r5                
                    2   144   0   0   0   0     5                 
                    2   144   0                 5                 

546  (3  ) :        zjmp      %:jump            
                    9         0   106           
                    9         106               

549        :    assaut1:
549  (5  ) :        live      %0                
                    1         0   0   0   0     
                    1         0                 

554  (7  ) :        ld        %190055943        r10               
                    2   144   11  84  6   7     10                
                    2   144   190055943         10                

561  (7  ) :        ld        %84476405         r11               
                    2   144   5   9   1   245   11                
                    2   144   84476405          11                

568  (3  ) :        fork      %:second          
                    12        0   41            
                    12        41                

571  (7  ) :        ld        %190055172        r3                
                    2   144   11  84  3   4     3                 
                    2   144   190055172         3                 

578  (7  ) :        ld        %190055172        r6                
                    2   144   11  84  3   4     6                 
                    2   144   190055172         6                 

585  (7  ) :        ld        %507              r7                
                    2   144   0   0   1   251   7                 
                    2   144   507               7                 

592  (7  ) :        ld        %24               r4                
                    2   144   0   0   0   24    4                 
                    2   144   24                4                 

599  (7  ) :        ld        %0                r5                
                    2   144   0   0   0   0     5                 
                    2   144   0                 5                 

606  (3  ) :        zjmp      %:jump            
                    9         0   46            
                    9         46                

609        :    second:
609  (5  ) :        live      %0                
                    1         0   0   0   0     
                    1         0                 

614  (7  ) :        ld        %84475923         r3                
                    2   144   5   9   0   19    3                 
                    2   144   84475923          3                 

621  (7  ) :        ld        %84475923         r6                
                    2   144   5   9   0   19    6                 
                    2   144   84475923          6                 

628  (7  ) :        ld        %511              r7                
                    2   144   0   0   1   255   7                 
                    2   144   511               7                 

635  (7  ) :        ld        %28               r4                
                    2   144   0   0   0   28    4                 
                    2   144   28                4                 

642  (7  ) :        ld        %0                r5                
                    2   144   0   0   0   0     5                 
                    2   144   0                 5                 

649  (3  ) :        zjmp      %:jump            
                    9         0   3             
                    9         3                 

652        :    jump:
652  (5  ) :        live      %0                
                    1         0   0   0   0     
                    1         0                 

657  (5  ) :        st        r10               511               
                    3   112   10                0   0   1   255   
                    3   112   10                511               

662  (5  ) :        st        r11               510               
                    3   112   11                0   0   1   254   
                    3   112   11                510               

667  (3  ) :        zjmp      %501              
                    9         1   245           
                    9         501               

